[ 1.  1.  1.  1.  1.  1.  1. -1.  1. -1. -1. -1. -1. -1.  1. -1. -1. -1. -1.  1.  1.  1. -1. -1. -1.  1.  1. -1.  1.  1.  1. -1. -1. -1.  1. -1.  1. -1. -1.  1. -1. -1.  1. -1. -1. -1. -1.  1. -1.
 -1. -1. -1. -1.  1. -1. -1. -1.  1.  1.  1. -1.  1.  1.  1.  1.  1.  1.  1.  1.  1.  1.  1.  1.  1. -1.  1. -1.  1. -1. -1.  1. -1. -1. -1.  1. -1.  1.  1. -1.  1. -1.  1.  1. -1. -1.  1.  1. -1.
 -1. -1. -1.  1.  1. -1.  1. -1.  1. -1. -1.  1.  1. -1. -1.  1.  1.  1. -1. -1.  1.  1. -1. -1. -1. -1.  1. -1.  1.  1.  1. -1.  1. -1.  1.  1. -1.  1. -1. -1.  1. -1. -1. -1. -1.  1. -1. -1. -1.
 -1. -1.  1. -1. -1. -1. -1. -1. -1. -1.  1. -1.  1. -1. -1. -1. -1. -1. -1. -1. -1.  1.  1. -1. -1. -1. -1.  1. -1. -1. -1.  1.  1. -1. -1. -1.  1. -1. -1. -1.  1. -1. -1. -1.  1.  1.  1.  1. -1.
  1. -1.  1.  1.  1.  1.  1. -1.  1.  1. -1. -1.  1. -1.  1. -1. -1.  1. -1.  1. -1.  1.  1. -1.  1. -1.  1.  1.  1.  1.  1. -1.  1.  1.  1. -1.  1. -1. -1.  1. -1. -1.  1.  1. -1. -1. -1. -1.  1.
 -1.  1.  1. -1.  1.  1. -1. -1.  1.  1. -1. -1. -1.  1. -1. -1. -1. -1. -1. -1.  1.  1.  1. -1.  1. -1. -1.  1.  1.  1.  1.  1.  1.  1.  1.  1.  1.  1.  1. -1. -1. -1. -1.  1.  1.  1. -1. -1.  1.
  1. -1.  1. -1. -1. -1.  1.  1.  1.  1.  1.  1.  1. -1.  1.  1.  1.  1.  1. -1.  1. -1.  1. -1.  1. -1.  1.  1.  1.  1. -1.  1. -1. -1.  1. -1. -1. -1.  1. -1. -1.  1. -1. -1.  1. -1. -1.  1. -1.
  1.  1.  1. -1.  1. -1. -1. -1. -1. -1.  1.  1.  1.  1.  1.  1.  1.  1.  1. -1.  1. -1. -1.  1. -1. -1.  1. -1. -1. -1. -1. -1.  1.  1.  1.  1.  1.  1. -1. -1.  1.  1.  1. -1.  1.  1.  1.  1.  1.
  1.  1.  1.  1.  1.  1.  1.  1.  1.  1.  1.  1.  1.  1.  1.  1.  1.  1.  1.  1.  1.  1.  1.  1.  1.  1.  1.  1. -1.  1. -1.  1.  1.  1.  1.  1.  1.  1. -1.  1. -1.  1.  1.  1.  1.  1.  1.  1.  1.
  1.  1.  1.  1. -1. -1.  1.  1.  1. -1.  1.  1.  1.  1. -1.  1. -1.  1.  1.  1.  1. -1.  1.  1.  1.  1.  1. -1. -1. -1. -1.  1.  1. -1.  1.  1.  1.  1.  1. -1. -1.  1. -1.  1. -1. -1.  1.  1. -1.
  1. -1.  1.  1.  1.  1.  1.  1.  1.  1.  1.  1.  1.  1.  1.  1. -1.  1.  1.  1.  1.  1.  1.  1. -1.  1.  1.  1.  1. -1.  1.  1.  1.  1.  1.  1.  1.  1.  1.  1.  1.  1.  1.  1.  1.  1.  1.  1.  1.
  1.  1.  1.  1.  1. -1.  1.  1.  1. -1.  1.  1.  1.  1.  1.  1.  1.  1.  1.  1.  1.  1.  1.  1.  1.  1.  1. -1. -1. -1. -1. -1.  1.  1.  1. -1.  1. -1.  1. -1. -1.  1. -1. -1. -1. -1.  1. -1. -1.
 -1.  1. -1.  1. -1. -1. -1. -1. -1.  1. -1.  1.  1.  1.  1.  1.  1.  1.  1.  1.  1.  1.  1.  1.  1.  1.  1.  1.  1.  1. -1. -1. -1. -1.  1.  1.  1.  1.  1. -1.  1. -1.  1.  1. -1.  1.  1. -1. -1.
  1.  1.  1.  1.  1.  1.  1.  1. -1. -1.  1. -1.  1.  1. -1.  1. -1. -1.  1.  1.  1.  1.  1.  1.  1.  1.  1.  1.  1.  1.  1. -1.  1. -1. -1.  1.  1. -1. -1.  1. -1. -1.  1. -1.  1. -1. -1.  1. -1.
  1.  1.  1. -1.  1.  1.  1. -1.  1. -1.  1. -1.  1.  1.  1.  1.  1.  1.  1. -1.  1.  1.  1.  1. -1. -1.  1.  1.  1.  1.  1.  1.  1. -1.  1.  1.  1.  1. -1. -1.  1. -1.  1.  1.  1.  1. -1. -1.  1.
 -1. -1.  1. -1. -1. -1.  1. -1.  1.  1. -1.  1. -1. -1.  1. -1. -1. -1. -1. -1. -1. -1. -1.  1. -1.  1. -1.  1.  1.  1.  1. -1. -1. -1.  1. -1. -1. -1. -1.  1. -1.  1. -1.  1. -1.  1. -1.  1. -1.
  1.  1.  1.  1.  1.  1.  1. -1.  1.  1. -1. -1.  1.  1. -1.  1. -1. -1.  1. -1.  1.  1. -1.  1.  1. -1.  1. -1.  1.  1. -1.  1. -1.  1.  1. -1.  1.  1.  1.  1.  1. -1. -1.  1.  1. -1. -1.  1.  1.
  1. -1.  1.  1.  1.  1.  1.  1.  1.  1.  1.  1. -1. -1.  1. -1. -1.  1.  1. -1.  1.  1.  1.  1. -1.  1.  1.  1.  1.  1. -1. -1.  1.  1. -1.  1. -1.  1.  1.  1. -1.  1.  1.  1.  1.  1.  1. -1.  1.
 -1.  1.  1.  1.  1.  1.  1.  1.  1. -1.  1.  1.  1. -1.  1.  1.  1.  1.  1.  1.  1.  1.  1.  1.  1.  1.  1.  1. -1.  1.  1. -1. -1.  1.  1. -1. -1. -1. -1. -1. -1. -1. -1. -1.  1. -1. -1. -1. -1.
  1.  1. -1.  1.  1. -1. -1.  1. -1. -1.  1.  1.  1.  1. -1.  1. -1. -1.  1.  1. -1.  1. -1. -1.  1. -1. -1.  1.  1.  1. -1.  1. -1.  1.  1.  1.  1. -1.  1. -1.  1. -1. -1.  1. -1. -1. -1.  1.  1.
  1. -1. -1.  1.  1. -1. -1.  1.  1.  1. -1. -1.  1. -1.  1. -1. -1.  1.  1. -1.  1.  1. -1. -1.  1. -1. -1.  1.  1. -1.  1. -1. -1.  1. -1.  1.  1. -1.  1. -1.  1.  1.  1. -1.  1. -1.  1. -1. -1.
 -1.  1.  1.  1.  1.  1. -1. -1. -1. -1. -1. -1.  1. -1.  1. -1.  1. -1. -1. -1. -1. -1. -1.  1. -1. -1.  1.  1. -1.  1. -1. -1. -1.  1. -1. -1.  1. -1. -1. -1.  1.  1. -1. -1. -1.  1. -1. -1. -1.
 -1.  1. -1. -1. -1. -1. -1.  1.  1. -1. -1. -1. -1.  1. -1. -1. -1.  1.  1.  1. -1. -1.  1. -1. -1.  1.  1. -1.  1.  1. -1. -1. -1. -1.  1.  1.  1. -1. -1.  1. -1. -1. -1.  1.  1.  1. -1. -1. -1.
  1.  1. -1.  1. -1. -1.  1. -1.  1. -1.  1. -1.  1.  1. -1. -1.  1. -1. -1.  1. -1. -1. -1.  1.  1.  1.  1. -1.  1. -1.  1.  1.  1.  1. -1.  1.  1.  1.  1.  1.  1.  1. -1.  1.  1.  1.  1. -1.  1.
 -1.  1.  1. -1.  1.  1.  1. -1. -1. -1. -1.  1.  1.  1.  1.  1. -1.  1. -1.  1. -1.  1.  1. -1. -1. -1. -1.  1.  1.  1. -1. -1.  1.  1.  1. -1.  1. -1.  1.  1. -1. -1. -1.  1.  1.  1.  1. -1.  1.
  1. -1.  1.  1. -1.  1.  1.  1. -1.  1.  1.  1.  1.  1.  1.  1.  1. -1.  1.  1.  1.  1. -1. -1.  1.  1. -1.  1.  1.  1.  1.  1.  1.  1.  1.  1.  1.  1.  1. -1.  1.  1.  1. -1.  1.  1. -1.  1. -1.
  1. -1.  1. -1.  1. -1.  1.  1. -1. -1.  1. -1. -1. -1.  1. -1. -1. -1.  1. -1.  1. -1.  1.  1. -1.  1. -1. -1.  1.  1. -1. -1.  1. -1. -1.  1. -1.  1.  1. -1.  1.  1. -1.  1.  1. -1.  1.  1. -1.
  1.  1. -1. -1. -1. -1. -1. -1. -1. -1. -1. -1.  1. -1.  1.  1. -1.  1. -1. -1. -1. -1. -1. -1.  1. -1.  1.]
[[-0.1174375  -0.75391406]
 [-0.16229688 -0.77228125]
 [-0.0595     -0.76925781]
 [-0.05090625 -0.7954375 ]
 [-0.34746875 -0.71591406]
 [-0.16164063 -0.70207031]
 [-0.06861719 -0.74220703]
 [-0.02532813 -0.712375  ]
 [-0.1210625  -0.63432031]
 [-0.040875   -0.70267187]
 [-0.04852344 -0.72720703]
 [-0.14821094 -0.73344922]
 [-0.09142187 -0.65975   ]
 [-0.07275781 -0.67883203]
 [-0.23872656 -0.63323047]
 [-0.19930469 -0.62290234]
 [-0.07967969 -0.71621484]
 [-0.141375   -0.54634375]
 [-0.08296875 -0.70988281]
 [-0.10950781 -0.64462109]
 [-0.07182031 -0.81355859]
 [-0.093875   -0.718125  ]
 [-0.11821094 -0.73444141]
 [-0.05561719 -0.69397266]
 [-0.05315625 -0.72177344]
 [-0.03692969 -0.74316016]
 [-0.10671875 -0.73259375]
 [-0.11596094 -0.61892578]
 [-0.13357813 -0.5485    ]
 [-0.16908594 -0.79290234]
 [-0.10615625 -0.73670313]
 [-0.08511719 -0.70859766]
 [-0.19644531 -0.65125391]
 [-0.04241406 -0.71094922]
 [-0.13790625 -0.73379688]
 [-0.05616406 -0.79292578]
 [-0.14617969 -0.76416797]
 [-0.05089063 -0.68585156]
 [-0.11032812 -0.64095313]
 [-0.0524375  -0.695875  ]
 [-0.06294531 -0.71875391]
 [-0.19119531 -0.78705859]
 [-0.08928906 -0.69385547]
 [-0.06676562 -0.70713281]
 [-0.16685156 -0.61350391]
 [-0.0853125  -0.63990625]
 [-0.07328125 -0.81892969]
 [-0.16690625 -0.63339062]
 [-0.06621094 -0.73486328]
 [-0.16671094 -0.73227734]
 [-0.10979688 -0.59867969]
 [-0.08463281 -0.55951172]
 [-0.03621875 -0.72163281]
 [-0.15346875 -0.70835156]
 [-0.16821875 -0.77502344]
 [-0.2629375  -0.77841406]
 [-0.04211719 -0.71999609]
 [-0.27766406 -0.65599609]
 [-0.10474219 -0.64671484]
 [-0.29201563 -0.60669531]
 [-0.122625   -0.76036719]
 [-0.19785938 -0.6888125 ]
 [-0.08214844 -0.73503516]
 [-0.23314062 -0.81178906]
 [-0.10667969 -0.79522266]
 [-0.084875   -0.66682812]
 [-0.1219375  -0.70938281]
 [-0.05176563 -0.73817187]
 [-0.09491406 -0.57377734]
 [-0.09008594 -0.77767578]
 [-0.09900781 -0.63800391]
 [-0.05210156 -0.72099609]
 [-0.20314844 -0.71683203]
 [-0.05985938 -0.7991875 ]
 [-0.10945313 -0.65824219]
 [-0.06424219 -0.69044141]
 [-0.0786875  -0.51675   ]
 [-0.03849219 -0.65084766]
 [-0.07154687 -0.62285156]
 [-0.10867969 -0.53809766]
 [-0.03315625 -0.72477344]
 [-0.04545313 -0.7331875 ]
 [-0.047      -0.74113281]
 [-0.0556875  -0.73179687]
 [-0.03357813 -0.74000781]
 [-0.122      -0.76466406]
 [-0.10110156 -0.60194922]
 [-0.03457031 -0.76571484]
 [-0.01802344 -0.78144141]
 [-0.17510937 -0.72024219]
 [-0.10924219 -0.70668359]
 [-0.11122656 -0.62628516]
 [-0.18335937 -0.69567188]
 [-0.09863281 -0.80316797]
 [-0.1135     -0.63252344]
 [-0.14550781 -0.58253516]
 [-0.06630469 -0.70654297]
 [-0.10294531 -0.60376953]
 [-0.23142187 -0.63433594]
 [-0.0483125  -0.76747656]
 [-0.10675781 -0.69755859]
 [-0.08507813 -0.78648438]
 [-0.19210156 -0.72962109]
 [-0.20967188 -0.75864062]
 [-0.07736719 -0.79742578]
 [-0.06525781 -0.71181641]
 [-0.0620625  -0.74257812]
 [-0.10145313 -0.69890625]
 [-0.13814063 -0.55952344]
 [-0.17428125 -0.60505469]
 [-0.09999219 -0.75798828]
 [-0.30436719 -0.52074609]
 [-0.10502344 -0.63316016]
 [-0.17717187 -0.86349219]
 [-0.03353125 -0.69669531]
 [-0.04853125 -0.69653125]
 [-0.03842969 -0.64126953]
 [-0.13052344 -0.55049609]
 [-0.09542187 -0.73789063]
 [-0.30145312 -0.53980469]
 [-0.10044531 -0.62333984]
 [-0.05595312 -0.80526563]
 [-0.0530625  -0.76952344]
 [-0.21842969 -0.57341797]
 [-0.35591406 -0.50471484]
 [-0.04311719 -0.62746484]
 [-0.07175781 -0.77173828]
 [-0.0775     -0.72908594]
 [-0.22176563 -0.67628906]
 [-0.08721094 -0.78146484]
 [-0.03917969 -0.71440234]
 [-0.07516406 -0.69478516]
 [-0.11227344 -0.72535547]
 [-0.0711875  -0.67764844]
 [-0.08472656 -0.51208203]
 [-0.16925    -0.688125  ]
 [-0.15974219 -0.79132422]
 [-0.06989844 -0.71741016]
 [-0.11996094 -0.75288672]
 [-0.07677344 -0.67498047]
 [-0.14764062 -0.83438281]
 [-0.10573438 -0.71028125]
 [-0.07935937 -0.83003125]
 [-0.06610156 -0.65037109]
 [-0.1331875  -0.78742187]
 [-0.21091406 -0.78367578]
 [-0.17559375 -0.77257031]
 [-0.09401562 -0.6065625 ]
 [-0.1376875  -0.67036719]
 [-0.24686719 -0.65874609]
 [-0.04678125 -0.77865625]
 [-0.11689844 -0.66251172]
 [-0.14135938 -0.70964844]
 [-0.08514062 -0.57133594]
 [-0.05017187 -0.616875  ]
 [-0.07802344 -0.66621484]
 [-0.17226563 -0.78347656]
 [-0.13358594 -0.73954297]
 [-0.07248437 -0.64410156]
 [-0.12639063 -0.66628125]
 [-0.10357812 -0.76457812]
 [-0.07902344 -0.73626953]
 [-0.08167969 -0.73686328]
 [-0.09310938 -0.80275   ]
 [-0.09539844 -0.62394141]
 [-0.06825781 -0.61445703]
 [-0.04971094 -0.55712891]
 [-0.09616406 -0.54129297]
 [-0.03466406 -0.71241016]
 [-0.05836719 -0.51349609]
 [-0.12466406 -0.75624609]
 [-0.14640625 -0.75384375]
 [-0.07417187 -0.71010937]
 [-0.13485156 -0.85638672]
 [-0.02580469 -0.78262109]
 [-0.09165625 -0.67376563]
 [-0.230625   -0.55444531]
 [-0.14166406 -0.76189453]
 [-0.03402344 -0.75131641]
 [-0.16747656 -0.72680078]
 [-0.05715625 -0.66619531]
 [-0.07059375 -0.73291406]
 [-0.08924219 -0.69472266]
 [-0.104875   -0.54567188]
 [-0.11788281 -0.56504297]
 [-0.067      -0.80217187]
 [-0.08083594 -0.67119141]
 [-0.03214844 -0.70485547]
 [-0.03172656 -0.67335547]
 [-0.16129688 -0.76357031]
 [-0.11723437 -0.73371875]
 [-0.12216406 -0.74401172]
 [-0.11674219 -0.72704297]
 [-0.15815625 -0.68923438]
 [-0.1136875  -0.66686719]
 [-0.12591406 -0.70215234]
 [-0.07888281 -0.77904297]
 [-0.03823438 -0.72364063]
 [-0.03203906 -0.77701953]
 [-0.13069531 -0.56889453]
 [-0.08457031 -0.71605859]
 [-0.01653906 -0.79298047]
 [-0.11567188 -0.82842969]
 [-0.14276563 -0.81014063]
 [-0.2175     -0.7989375 ]
 [-0.0404375  -0.70395312]
 [-0.04780469 -0.77319922]
 [-0.06422656 -0.74055859]
 [-0.06317969 -0.81356641]
 [-0.07671875 -0.73703125]
 [-0.05665625 -0.67903125]
 [-0.36103125 -0.70721875]
 [-0.06064062 -0.74704687]
 [-0.08965625 -0.77971875]
 [-0.0843125  -0.51778906]
 [-0.16416406 -0.49844922]
 [-0.18814844 -0.70753516]
 [-0.073125   -0.69455469]
 [-0.06610937 -0.81721875]
 [-0.05424219 -0.58897266]
 [-0.14628906 -0.66575391]
 [-0.0368125  -0.60529687]
 [-0.22764063 -0.66392187]
 [-0.156375   -0.79282812]
 [-0.18492969 -0.64416016]
 [-0.03317969 -0.75766797]
 [-0.05844531 -0.79615234]
 [-0.09576562 -0.64242188]
 [-0.06713281 -0.78974609]
 [-0.07821875 -0.76566406]
 [-0.06103906 -0.81534766]
 [-0.07249219 -0.70014453]
 [-0.27035156 -0.69158203]
 [-0.076375   -0.815     ]
 [-0.0455     -0.69848438]
 [-0.10459375 -0.70492969]
 [-0.11347656 -0.73232422]
 [-0.03366406 -0.78771484]
 [-0.06367969 -0.73646484]
 [-0.14397656 -0.76657422]
 [-0.08440625 -0.6311875 ]
 [-0.10486719 -0.68626953]
 [-0.14207812 -0.6739375 ]
 [-0.20308594 -0.70595703]
 [-0.10842188 -0.75867188]
 [-0.08552344 -0.80946484]
 [-0.19110156 -0.66101953]
 [-0.0870625  -0.69282813]
 [-0.05060938 -0.70227344]
 [-0.07175    -0.601125  ]
 [-0.07       -0.74471875]
 [-0.04653906 -0.76853516]
 [-0.21973437 -0.4886875 ]
 [-0.06585937 -0.72410938]
 [-0.26864062 -0.55488281]
 [-0.14426563 -0.53508594]
 [-0.3716875  -0.67565625]
 [-0.0260625  -0.78392969]
 [-0.13353906 -0.72232422]
 [-0.16672656 -0.79584766]
 [-0.07664063 -0.7615625 ]
 [-0.07497656 -0.75890234]
 [-0.051875   -0.6158125 ]
 [-0.26099219 -0.78671484]
 [-0.06827344 -0.74701953]
 [-0.09633594 -0.63720703]
 [-0.23842969 -0.56644922]
 [-0.02748437 -0.79389062]
 [-0.15192969 -0.81952734]
 [-0.092125   -0.63535156]
 [-0.10549219 -0.66943359]
 [-0.22441406 -0.59487891]
 [-0.06666406 -0.80635547]
 [-0.04471875 -0.80055469]
 [-0.11403125 -0.6958125 ]
 [-0.08140625 -0.73088281]
 [-0.14661719 -0.81826953]
 [-0.06339844 -0.64962891]
 [-0.03304688 -0.69963281]
 [-0.0761875  -0.72296094]
 [-0.23153906 -0.61076172]
 [-0.15303125 -0.76720312]
 [-0.141625   -0.69446094]
 [-0.14798438 -0.78436719]
 [-0.04557031 -0.80723828]
 [-0.04529688 -0.77609375]
 [-0.023875   -0.79440625]
 [-0.13535156 -0.70576172]
 [-0.13378906 -0.68925391]
 [-0.07675781 -0.46567578]
 [-0.07179688 -0.51654687]
 [-0.13884375 -0.61553906]
 [-0.04874219 -0.57757422]
 [-0.08620313 -0.58867187]
 [-0.04998437 -0.689375  ]
 [-0.08159375 -0.78829688]
 [-0.28160937 -0.62935156]
 [-0.11939063 -0.7048125 ]
 [-0.15334375 -0.69882031]
 [-0.06185156 -0.69008984]
 [-0.29125    -0.786875  ]
 [-0.20910937 -0.7809375 ]
 [-0.10032031 -0.85291797]
 [-0.03182813 -0.75935938]
 [-0.14071875 -0.66253906]
 [-0.09194531 -0.64800391]
 [-0.15810937 -0.66050781]
 [-0.28750781 -0.60620703]
 [-0.03723438 -0.75957031]
 [-0.08339844 -0.74761328]
 [-0.05125781 -0.72243359]
 [-0.09673437 -0.50225781]
 [-0.09070312 -0.61127344]
 [-0.12252344 -0.55736328]
 [-0.095875   -0.70636719]
 [-0.12767187 -0.73150781]
 [-0.0515     -0.79827344]
 [-0.11361719 -0.73096484]
 [-0.109125   -0.70271875]
 [-0.07165625 -0.82121094]
 [-0.1360625  -0.76502344]
 [-0.07825    -0.84407813]
 [-0.02507812 -0.79721875]
 [-0.09910937 -0.68858594]
 [-0.33166406 -0.60205859]
 [-0.09571094 -0.75701953]
 [-0.03257812 -0.79057813]
 [-0.17060156 -0.59876953]
 [-0.10910156 -0.56512891]
 [-0.08860156 -0.58952734]
 [-0.094      -0.63201563]
 [-0.13760156 -0.81095703]
 [-0.18814063 -0.81355469]
 [-0.12484375 -0.52932812]
 [-0.16971094 -0.53309766]
 [-0.15888281 -0.43167578]
 [-0.0711875  -0.62657812]
 [-0.16794531 -0.64001172]
 [-0.15670312 -0.59350781]
 [-0.09467188 -0.61602344]
 [-0.20542969 -0.64775391]
 [-0.1764375  -0.84071875]
 [-0.09210937 -0.73647656]
 [-0.11878906 -0.50230078]
 [-0.12347656 -0.75110547]
 [-0.10588281 -0.76394922]
 [-0.212125   -0.72135938]
 [-0.35867188 -0.64571875]
 [-0.23667969 -0.86473047]
 [-0.17265625 -0.60953906]
 [-0.11939844 -0.82152734]
 [-0.43675    -0.5595    ]
 [-0.06492969 -0.81787109]
 [-0.10040625 -0.68221875]
 [-0.03150781 -0.77470703]
 [-0.08028906 -0.59705078]
 [-0.06233594 -0.59787109]
 [-0.0734375  -0.65928906]
 [-0.054375   -0.58750781]
 [-0.10163281 -0.68664453]
 [-0.14745312 -0.74515625]
 [-0.19814844 -0.72644141]
 [-0.08996875 -0.72485938]
 [-0.09953125 -0.652875  ]
 [-0.07776563 -0.73227344]
 [-0.359      -0.63517188]
 [-0.056375   -0.73966406]
 [-0.12489063 -0.79017969]
 [-0.14946094 -0.56251953]
 [-0.09153125 -0.59811719]
 [-0.09064063 -0.71799219]
 [-0.14854687 -0.56475781]
 [-0.23666406 -0.71675391]
 [-0.1343125  -0.53775   ]
 [-0.09464063 -0.72479688]
 [-0.08266406 -0.70982422]
 [-0.07914844 -0.75192578]
 [-0.12357031 -0.52432422]
 [-0.08932813 -0.81726562]
 [-0.03128906 -0.73021484]
 [-0.113625   -0.76488281]
 [-0.14803906 -0.87966016]
 [-0.06949219 -0.69380078]
 [-0.14522656 -0.61773828]
 [-0.08845312 -0.56814062]
 [-0.04478125 -0.72513281]
 [-0.11365625 -0.60767969]
 [-0.03814062 -0.78526562]
 [-0.04364063 -0.75582031]
 [-0.08021094 -0.81277734]
 [-0.09919531 -0.71228516]
 [-0.03630469 -0.68491797]
 [-0.25659375 -0.61613281]
 [-0.07838281 -0.76616016]
 [-0.12583594 -0.66936328]
 [-0.08051563 -0.60979688]
 [-0.05916406 -0.64498828]
 [-0.05679688 -0.71761719]
 [-0.10222656 -0.70489453]
 [-0.24470312 -0.74013281]
 [-0.10014844 -0.77055859]
 [-0.1109375  -0.76457031]
 [-0.21140625 -0.58307031]
 [-0.06239844 -0.81047266]
 [-0.15617969 -0.79392578]
 [-0.22689844 -0.80974609]
 [-0.04854688 -0.8160625 ]
 [-0.07825    -0.69749219]
 [-0.05058594 -0.64579297]
 [-0.08279687 -0.72939844]
 [-0.11811719 -0.73055859]
 [-0.19625    -0.59261719]
 [-0.07017187 -0.76566406]
 [-0.08898438 -0.73151563]
 [-0.11621875 -0.71679688]
 [-0.14890625 -0.51041406]
 [-0.08089844 -0.58380078]
 [-0.03067188 -0.58171094]
 [-0.07052344 -0.79703516]
 [-0.0696875  -0.81682031]
 [-0.08652344 -0.76659766]
 [-0.09863281 -0.74575391]
 [-0.09149219 -0.73997266]
 [-0.068      -0.61592187]
 [-0.1813125  -0.72857031]
 [-0.07621875 -0.83367188]
 [-0.11314844 -0.67933984]
 [-0.13028125 -0.67833594]
 [-0.08599219 -0.72185547]
 [-0.10538281 -0.62088672]
 [-0.02998438 -0.79249219]
 [-0.158      -0.5966875 ]
 [-0.17014844 -0.66931641]
 [-0.1659375  -0.70440625]
 [-0.10550781 -0.72192578]
 [-0.03357031 -0.74746484]
 [-0.13089063 -0.6275625 ]
 [-0.08401563 -0.63607031]
 [-0.08899219 -0.56176172]
 [-0.06326562 -0.670125  ]
 [-0.05839063 -0.70255469]
 [-0.13151562 -0.67907031]
 [-0.09040625 -0.54124219]
 [-0.369875   -0.63064844]
 [-0.08386719 -0.66744922]
 [-0.19380469 -0.75006641]
 [-0.2429375  -0.81549219]
 [-0.08083594 -0.71164453]
 [-0.04533594 -0.67671484]
 [-0.04130469 -0.67473047]
 [-0.24171875 -0.81510156]
 [-0.04792188 -0.68880469]
 [-0.19451562 -0.61634375]
 [-0.15020312 -0.77475781]
 [-0.31857031 -0.63299609]
 [-0.21328906 -0.58476172]
 [-0.05185156 -0.72481641]
 [-0.08348437 -0.76502344]
 [-0.12576562 -0.76860156]
 [-0.06514844 -0.72939453]
 [-0.05576563 -0.80221094]
 [-0.05546094 -0.67411328]
 [-0.02101563 -0.79179687]
 [-0.12440625 -0.64946875]
 [-0.12857812 -0.73938281]
 [-0.05648438 -0.72390625]
 [-0.13660156 -0.66804297]
 [-0.1356875  -0.79503125]
 [-0.18397656 -0.53594141]
 [-0.15553906 -0.54710547]
 [-0.08446094 -0.63741016]
 [-0.06047656 -0.70736328]
 [-0.19229688 -0.66002344]
 [-0.212375   -0.73223437]
 [-0.20222656 -0.74778516]
 [-0.08953906 -0.76712109]
 [-0.14804687 -0.57353125]
 [-0.09010156 -0.67391797]
 [-0.13196094 -0.71701172]
 [-0.10519531 -0.73619922]
 [-0.14883594 -0.59187109]
 [-0.09814844 -0.65680078]
 [-0.09577344 -0.73774609]
 [-0.07649219 -0.70571484]
 [-0.17439063 -0.59439063]
 [-0.03575    -0.74950781]
 [-0.10733594 -0.59712109]
 [-0.24107813 -0.74089063]
 [-0.12452344 -0.81952734]
 [-0.13746875 -0.71621875]
 [-0.16480469 -0.69894141]
 [-0.11764062 -0.67671875]
 [-0.14003906 -0.56466016]
 [-0.23307812 -0.49430469]
 [-0.26913281 -0.75927734]
 [-0.06614844 -0.65254297]
 [-0.11117969 -0.73766797]
 [-0.0623125  -0.76074219]
 [-0.09935937 -0.68198438]
 [-0.10560938 -0.53808594]
 [-0.18642188 -0.47928125]
 [-0.16811719 -0.60198047]
 [-0.08654687 -0.71528906]
 [-0.17516406 -0.60593359]
 [-0.23307031 -0.76720703]
 [-0.10670313 -0.81053906]
 [-0.1389375  -0.59627344]
 [-0.07385937 -0.72003125]
 [-0.1645     -0.71239062]
 [-0.05157031 -0.79030859]
 [-0.059875   -0.7966875 ]
 [-0.13116406 -0.67388672]
 [-0.16461719 -0.84547266]
 [-0.26979688 -0.65389063]
 [-0.10196875 -0.71746094]
 [-0.08408594 -0.72855859]
 [-0.08880469 -0.83656641]
 [-0.06378125 -0.82067969]
 [-0.04782812 -0.71991406]
 [-0.07686719 -0.77822266]
 [-0.07114063 -0.63888281]
 [-0.06353125 -0.75598437]
 [-0.06758594 -0.76517578]
 [-0.07880469 -0.77250391]
 [-0.20509375 -0.7818125 ]
 [-0.08298437 -0.7754375 ]
 [-0.10153125 -0.69927344]
 [-0.17250781 -0.68115234]
 [-0.0993125  -0.84915625]
 [-0.10367969 -0.75333203]
 [-0.17451563 -0.64761719]
 [-0.13957031 -0.76516797]
 [-0.21720313 -0.68746875]
 [-0.10023438 -0.74235938]
 [-0.05658594 -0.72960547]
 [-0.08485938 -0.73278906]
 [-0.02896094 -0.75716016]
 [-0.119125   -0.47974219]
 [-0.097875   -0.57614063]
 [-0.09139063 -0.63446094]
 [-0.18744531 -0.68626953]
 [-0.08859375 -0.83565625]
 [-0.02625781 -0.80017578]
 [-0.05015625 -0.8160625 ]
 [-0.03413281 -0.76418359]
 [-0.08495312 -0.79029688]
 [-0.10272656 -0.75906641]
 [-0.10339844 -0.72299609]
 [-0.0995625  -0.78266406]
 [-0.11017969 -0.80331641]
 [-0.06698437 -0.78936719]
 [-0.03575781 -0.77938672]
 [-0.0876875  -0.726     ]
 [-0.14302344 -0.73696484]
 [-0.15409375 -0.80275   ]
 [-0.06821094 -0.64667578]
 [-0.07417187 -0.57721094]
 [-0.12478906 -0.65622266]
 [-0.213875   -0.7439375 ]
 [-0.08254688 -0.59724219]
 [-0.09017969 -0.79736328]
 [-0.09891406 -0.74262109]
 [-0.13365625 -0.681     ]
 [-0.04201563 -0.79502344]
 [-0.08640625 -0.59863281]
 [-0.06278125 -0.81003906]
 [-0.10694531 -0.71178516]
 [-0.31346094 -0.63183203]
 [-0.06200781 -0.81191016]
 [-0.03794531 -0.82079297]
 [-0.04846094 -0.68286328]
 [-0.05330469 -0.74975391]
 [-0.1175     -0.74317188]
 [-0.16844531 -0.79821484]
 [-0.05863281 -0.61838672]
 [-0.06975    -0.66264063]
 [-0.11505469 -0.83558203]
 [-0.09267969 -0.79152734]
 [-0.16997656 -0.78634766]
 [-0.09473437 -0.74945312]
 [-0.07336719 -0.75353516]
 [-0.06436719 -0.58033984]
 [-0.105625   -0.53971094]
 [-0.11749219 -0.67391797]
 [-0.14628125 -0.7270625 ]
 [-0.08744531 -0.65375391]
 [-0.09842969 -0.58798828]
 [-0.16630469 -0.60876172]
 [-0.02900781 -0.75983984]
 [-0.030625   -0.79697656]
 [-0.08046094 -0.82462891]
 [-0.08403906 -0.63515234]
 [-0.0635     -0.81896875]
 [-0.08624219 -0.71844141]
 [-0.14201563 -0.59247656]
 [-0.16545313 -0.73726563]
 [-0.01676562 -0.75182031]
 [-0.04691406 -0.80960547]
 [-0.20038281 -0.75719922]
 [-0.056625   -0.81182031]
 [-0.14763281 -0.80169141]
 [-0.13785938 -0.56649219]
 [-0.09492969 -0.71362109]
 [-0.10695312 -0.77224219]
 [-0.12325781 -0.78625391]
 [-0.047125   -0.70139062]
 [-0.22133594 -0.78027734]
 [-0.07697656 -0.75491016]
 [-0.02865625 -0.77265625]
 [-0.15998438 -0.74548437]
 [-0.06609375 -0.71319531]
 [-0.15126563 -0.760625  ]
 [-0.0475625  -0.72510937]
 [-0.1395625  -0.6074375 ]
 [-0.06224219 -0.75261328]
 [-0.19302344 -0.62683984]
 [-0.09311719 -0.57144922]
 [-0.13228906 -0.82396484]
 [-0.09899219 -0.63990234]
 [-0.09365625 -0.826625  ]
 [-0.11559375 -0.65975781]
 [-0.10248438 -0.84798438]
 [-0.03674219 -0.77949609]
 [-0.225375   -0.57786719]
 [-0.05234375 -0.75386719]
 [-0.03008594 -0.53794922]
 [-0.15735937 -0.68801563]
 [-0.08600781 -0.63989453]
 [-0.17255469 -0.52739453]
 [-0.1096875  -0.58951562]
 [-0.08760156 -0.71833984]
 [-0.04713281 -0.79466797]
 [-0.04257813 -0.75986719]
 [-0.1226875  -0.67409375]
 [-0.11063281 -0.66069922]
 [-0.11350781 -0.64544141]
 [-0.07727344 -0.78158984]
 [-0.17847656 -0.67440234]
 [-0.11310156 -0.73514453]
 [-0.11695313 -0.78305469]
 [-0.07688281 -0.68054297]
 [-0.11138281 -0.79998047]
 [-0.08916406 -0.77514453]
 [-0.11432031 -0.66256641]
 [-0.06082031 -0.70898828]
 [-0.06008594 -0.71154297]
 [-0.07113281 -0.80083984]
 [-0.09474219 -0.73829297]
 [-0.07086719 -0.81100391]
 [-0.1278125  -0.84757031]
 [-0.10389844 -0.64177734]
 [-0.09960938 -0.63874219]
 [-0.06857031 -0.77969141]
 [-0.0829375  -0.79589062]
 [-0.08834375 -0.82363281]
 [-0.06385937 -0.8145625 ]
 [-0.0711875  -0.72310156]
 [-0.0560625  -0.7559375 ]
 [-0.16979688 -0.63016406]
 [-0.06144531 -0.69441016]
 [-0.11138281 -0.64051172]
 [-0.11611719 -0.74044922]
 [-0.020375   -0.78092187]
 [-0.36490625 -0.42189063]
 [-0.08594531 -0.74006641]
 [-0.20935938 -0.75805469]
 [-0.12826562 -0.67185937]
 [-0.06473437 -0.60354688]
 [-0.11857031 -0.77504297]
 [-0.11597656 -0.77707422]
 [-0.13386719 -0.67481641]
 [-0.04321875 -0.74757812]
 [-0.03922656 -0.77973828]
 [-0.08025    -0.81833594]
 [-0.15971875 -0.68905469]
 [-0.11272656 -0.68816016]
 [-0.08721875 -0.81476562]
 [-0.037375   -0.7925    ]
 [-0.12217187 -0.84671875]
 [-0.07419531 -0.77103516]
 [-0.30045312 -0.70714844]
 [-0.09114844 -0.83430078]
 [-0.02909375 -0.80576563]
 [-0.05134375 -0.82216406]
 [-0.06601562 -0.72510156]
 [-0.13035937 -0.66182031]
 [-0.26705469 -0.55266016]
 [-0.03676562 -0.64149219]
 [-0.1349375  -0.67023437]
 [-0.20769531 -0.67916797]
 [-0.04899219 -0.68576953]
 [-0.17364062 -0.783     ]
 [-0.09978906 -0.80628516]
 [-0.1608125  -0.6709375 ]
 [-0.121625   -0.55846875]
 [-0.07147656 -0.73264453]
 [-0.1238125  -0.66327344]
 [-0.12219531 -0.72668359]
 [-0.0763125  -0.77326562]
 [-0.19423437 -0.76748437]
 [-0.10422656 -0.58588672]
 [-0.064125   -0.53721875]
 [-0.0443125  -0.76860156]
 [-0.10435938 -0.73490625]
 [-0.09796875 -0.83465625]
 [-0.12259375 -0.6215625 ]
 [-0.1456875  -0.77046094]
 [-0.08623438 -0.49829688]
 [-0.19707812 -0.82780469]
 [-0.04520313 -0.7641875 ]
 [-0.18035937 -0.6756875 ]
 [-0.05357813 -0.7006875 ]
 [-0.04571875 -0.75665625]
 [-0.13126562 -0.48427344]
 [-0.02285938 -0.78773437]
 [-0.06446875 -0.77640625]
 [-0.22414063 -0.6059375 ]
 [-0.04500781 -0.77938672]
 [-0.08019531 -0.81162891]
 [-0.11403125 -0.65434375]
 [-0.05457031 -0.71880078]
 [-0.0533125  -0.73848438]
 [-0.07991406 -0.62352734]
 [-0.1339375  -0.65876562]
 [-0.07822656 -0.64062891]
 [-0.0651875  -0.60692187]
 [-0.06603125 -0.75010156]
 [-0.14148437 -0.76692187]
 [-0.20222656 -0.74362891]
 [-0.27578906 -0.67308984]
 [-0.17489063 -0.69705469]
 [-0.06875    -0.66146875]
 [-0.13172656 -0.69319922]
 [-0.04150781 -0.75919141]
 [-0.10158594 -0.62294922]
 [-0.15898438 -0.71963281]
 [-0.03064063 -0.76998437]
 [-0.11035156 -0.68355859]
 [-0.06545313 -0.75898438]
 [-0.03385937 -0.62767188]
 [-0.10726562 -0.64945312]
 [-0.11273437 -0.78416406]
 [-0.09258594 -0.80020703]
 [-0.17241406 -0.65091016]
 [-0.05839844 -0.71901953]
 [-0.1955     -0.77442969]
 [-0.06457031 -0.79412109]
 [-0.06414844 -0.81604297]
 [-0.08698438 -0.75899219]
 [-0.03391406 -0.78623047]
 [-0.16095313 -0.51560937]
 [-0.08875    -0.5195625 ]
 [-0.06996094 -0.80221484]
 [-0.10636719 -0.76919922]
 [-0.06404688 -0.707375  ]
 [-0.08615625 -0.81125781]
 [-0.06528125 -0.79741406]
 [-0.10509375 -0.75692969]
 [-0.17229688 -0.668     ]
 [-0.08144531 -0.72205859]
 [-0.08033594 -0.75348047]
 [-0.0530625  -0.73592188]
 [-0.04470313 -0.79661719]
 [-0.11091406 -0.80695703]
 [-0.05849219 -0.79710547]
 [-0.19160156 -0.85140234]
 [-0.06880469 -0.61546484]
 [-0.12173437 -0.75896875]
 [-0.117375   -0.69596094]
 [-0.09775781 -0.71041797]
 [-0.08308594 -0.72364453]
 [-0.05414844 -0.77703516]
 [-0.09232812 -0.74614844]
 [-0.08636719 -0.75594141]
 [-0.0319375  -0.74013281]
 [-0.16061719 -0.85269922]
 [-0.09149219 -0.80582422]
 [-0.08909375 -0.82195313]
 [-0.08982812 -0.58575   ]
 [-0.11946094 -0.72053516]
 [-0.14242188 -0.64939844]
 [-0.03345313 -0.77820312]
 [-0.12390625 -0.57039063]
 [-0.0985625  -0.73000781]] [[-0.62941406 -0.39534766]
 [-0.31722656 -0.67149609]
 [-0.51852344 -0.53352734]
 [-0.44182813 -0.46520312]
 [-0.47535156 -0.53076172]
 [-0.55639844 -0.43349609]
 [-0.37908594 -0.33129297]
 [-0.5731875  -0.60185156]
 [-0.27946094 -0.76582422]
 [-0.58428125 -0.472625  ]
 [-0.42294531 -0.38070703]
 [-0.84092188 -0.40124219]
 [-0.58211719 -0.19007422]
 [-0.44661719 -0.37305859]
 [-0.63654687 -0.35089063]
 [-0.567125   -0.44297656]
 [-0.43307813 -0.67725   ]
 [-0.76146094 -0.39987109]
 [-0.6608125  -0.49584375]
 [-0.28835156 -0.51971484]
 [-0.93074219 -0.21622266]
 [-0.45225781 -0.58854297]
 [-0.76072656 -0.31417578]
 [-0.52735156 -0.37288672]
 [-0.31011719 -0.66490234]
 [-0.56946094 -0.56080859]
 [-0.33575    -0.68767969]
 [-0.29366406 -0.67994922]
 [-0.30352344 -0.60039453]
 [-0.45673437 -0.42429688]
 [-0.38788281 -0.61406641]
 [-0.36989844 -0.64916797]
 [-0.4769375  -0.31729688]
 [-0.46347656 -0.41459766]
 [-0.45416406 -0.47062891]
 [-0.48388281 -0.40393359]
 [-0.61928125 -0.25097656]
 [-0.74246875 -0.26989062]
 [-0.53639063 -0.54845312]
 [-0.42624219 -0.65778516]
 [-0.44128906 -0.33419922]
 [-0.67760156 -0.35858984]
 [-0.62642188 -0.07621094]
 [-0.67809375 -0.30017969]
 [-0.50169531 -0.42493359]
 [-0.67307812 -0.27772656]
 [-0.47529688 -0.27296875]
 [-0.32399219 -0.62835547]
 [-0.76896875 -0.226625  ]
 [-0.43992188 -0.63479687]
 [-0.63250781 -0.41991797]
 [-0.1635625  -0.61967969]
 [-0.55452344 -0.46972266]
 [-0.55055469 -0.44860547]
 [-0.50364063 -0.55042188]
 [-0.52807031 -0.52946484]
 [-0.5299375  -0.54548438]
 [-0.86699219 -0.18932422]
 [-0.25573438 -0.72747656]
 [-0.36657031 -0.62865234]
 [-0.60670312 -0.53398437]
 [-0.54871875 -0.40416406]
 [-0.2885     -0.73235156]
 [-0.62617188 -0.44010156]
 [-0.38949219 -0.55857422]
 [-0.32479687 -0.69724219]
 [-0.51250781 -0.60089453]
 [-0.52715625 -0.45349219]
 [-0.67221875 -0.50147656]
 [-0.51200781 -0.53445703]
 [-0.55450781 -0.33138672]
 [-0.48675781 -0.49725391]
 [-0.56109375 -0.28722656]
 [-0.59639844 -0.34883203]
 [-0.57696094 -0.33788672]
 [-0.4620625  -0.55505469]
 [-0.56242188 -0.56527344]
 [-0.43453906 -0.49585547]
 [-0.78070313 -0.37642188]
 [-0.84619531 -0.14192578]
 [-0.47969531 -0.31403516]
 [-0.48473437 -0.36795312]
 [-0.50524219 -0.58217578]
 [-0.45615625 -0.52211719]
 [-0.54298437 -0.48946875]
 [-0.42136719 -0.51516797]
 [-0.56923437 -0.34802344]
 [-0.6640625  -0.42440625]
 [-0.44459375 -0.58544531]
 [-0.50515625 -0.65515625]
 [-0.6011875  -0.31876562]
 [-0.59860937 -0.46919531]
 [-0.74086719 -0.30992578]
 [-0.53309375 -0.29910938]
 [-0.53416406 -0.44778516]
 [-0.48641406 -0.36373828]
 [-0.42455469 -0.40526172]
 [-0.45529687 -0.31271094]
 [-0.34280469 -0.49851953]
 [-0.53478906 -0.33876953]
 [-0.69657031 -0.35933984]
 [-0.49477344 -0.34153516]
 [-0.46630469 -0.38528516]
 [-0.55110156 -0.24934766]
 [-0.68014844 -0.40562891]
 [-0.37363281 -0.62501172]
 [-0.818875   -0.25846094]
 [-0.91186719 -0.27671484]
 [-0.50974219 -0.61064453]
 [-0.35847656 -0.65405078]
 [-0.63449219 -0.44802734]
 [-0.6343125  -0.35653906]
 [-0.68034375 -0.3858125 ]
 [-0.72834375 -0.29535937]
 [-0.44285156 -0.46136328]
 [-0.70955469 -0.46094922]
 [-0.63511719 -0.39975391]
 [-0.4318125  -0.21055469]
 [-0.57455469 -0.48332422]
 [-0.62554687 -0.41255469]
 [-0.24077344 -0.67741797]
 [-0.54552344 -0.29548828]
 [-0.50232031 -0.31559766]
 [-0.53036719 -0.39084766]
 [-0.62760156 -0.47720703]
 [-0.41227344 -0.52332422]
 [-0.48158594 -0.48780078]
 [-0.69002344 -0.07682422]
 [-0.55933594 -0.63777734]
 [-0.27417969 -0.79059766]
 [-0.8281875  -0.49867969]
 [-0.62074219 -0.36224609]
 [-0.7298125  -0.42777344]
 [-0.77886719 -0.41780078]
 [-0.52975781 -0.33143359]
 [-0.87935937 -0.25523438]
 [-0.92671875 -0.29502344]
 [-0.42430469 -0.52149609]
 [-0.58215625 -0.41767187]
 [-0.477625   -0.6695    ]
 [-0.57148438 -0.31557031]
 [-0.53042969 -0.27408984]
 [-0.71632812 -0.3144375 ]
 [-0.60185156 -0.62220703]
 [-0.7295     -0.30051563]
 [-0.62295312 -0.09777344]
 [-0.67592969 -0.45318359]
 [-0.70066406 -0.48280078]
 [-0.63383594 -0.36201172]
 [-0.74780469 -0.35903516]
 [-0.71517969 -0.31251953]
 [-0.77310156 -0.25001953]
 [-0.67366406 -0.53937891]
 [-0.62653906 -0.38110547]
 [-0.53505469 -0.61418359]
 [-0.59314844 -0.07374609]
 [-0.72978125 -0.15707031]
 [-0.74376562 -0.34783594]
 [-0.71947656 -0.35458203]
 [-0.24658594 -0.62101953]
 [-0.40975781 -0.32327734]
 [-0.47870313 -0.618125  ]
 [-0.53765625 -0.40300781]
 [-0.67230469 -0.52119922]
 [-0.38948437 -0.58389844]
 [-0.73164063 -0.4254375 ]
 [-0.4514375  -0.63741406]
 [-0.44076562 -0.62385937]
 [-0.82370312 -0.44089063]
 [-0.67177344 -0.52989453]
 [-0.65098437 -0.43008594]
 [-0.74172656 -0.37230078]
 [-0.59910156 -0.54423828]
 [-0.70899219 -0.40579297]
 [-0.60497656 -0.30343359]
 [-0.66276563 -0.25890625]
 [-0.41352344 -0.58466797]
 [-0.69791406 -0.40038672]
 [-0.46889844 -0.51448828]
 [-0.55891406 -0.33456641]
 [-0.49910937 -0.52267188]
 [-0.88328906 -0.20406641]
 [-0.84132812 -0.348875  ]
 [-0.67433594 -0.43220703]
 [-0.50960156 -0.59033203]
 [-0.39585938 -0.44189844]
 [-0.65855469 -0.39095703]
 [-0.52600781 -0.54448047]
 [-0.56872656 -0.28006641]
 [-0.51700781 -0.34633984]
 [-0.2680625  -0.66208594]
 [-0.43130469 -0.63498828]
 [-0.65110156 -0.44488672]
 [-0.5304375  -0.548     ]
 [-0.41173437 -0.59650781]
 [-0.87934375 -0.33030469]
 [-0.38825    -0.52989062]
 [-0.29803906 -0.05580078]
 [-0.55292969 -0.45531641]
 [-0.68848438 -0.39765625]
 [-0.64871094 -0.21483984]
 [-0.48921875 -0.56834375]
 [-0.54114063 -0.20390625]
 [-0.54564062 -0.43809375]
 [-0.46121875 -0.4953125 ]
 [-0.59994531 -0.33639453]
 [-0.30997656 -0.64565234]
 [-0.70528125 -0.32721875]
 [-0.53969531 -0.40133203]
 [-0.6528125  -0.07597656]
 [-0.76088281 -0.20974609]
 [-0.52828125 -0.47125   ]
 [-0.56897656 -0.37191797]
 [-0.6978125  -0.42042969]
 [-0.3501875  -0.65470312]
 [-0.61980469 -0.50297266]
 [-0.38492187 -0.58346094]
 [-0.72698438 -0.42785156]
 [-0.39283594 -0.61453516]
 [-0.5680625  -0.42703125]
 [-0.57672656 -0.10038672]
 [-0.56252344 -0.55826172]
 [-0.69115625 -0.33713281]
 [-0.77653906 -0.34637891]
 [-0.60067969 -0.49425391]
 [-0.4808125  -0.38058594]
 [-0.64703906 -0.54016797]
 [-0.56303125 -0.48435156]
 [-0.33241406 -0.75423047]
 [-0.47498438 -0.60515625]
 [-0.50085156 -0.27518359]
 [-0.60789844 -0.21971484]
 [-0.69816406 -0.42891016]
 [-0.61242969 -0.47599609]
 [-0.40891406 -0.65469922]
 [-0.54555469 -0.19508203]
 [-0.36592969 -0.64124609]
 [-0.6808125  -0.41135156]
 [-0.42196875 -0.56642969]
 [-0.41146094 -0.61026172]
 [-0.59264844 -0.54294141]
 [-0.5774375  -0.48107813]
 [-0.55401563 -0.35255469]
 [-0.85098438 -0.27085156]
 [-0.70459375 -0.41005469]
 [-0.72239063 -0.313375  ]
 [-0.41991406 -0.37037891]
 [-0.55754687 -0.38075   ]
 [-0.77091406 -0.44583984]
 [-0.63185937 -0.50553906]
 [-0.25032813 -0.80375781]
 [-0.81660937 -0.32010156]
 [-0.72582031 -0.28512891]
 [-0.51696875 -0.3825625 ]
 [-0.38705469 -0.39372266]
 [-0.58824219 -0.33301953]
 [-0.54071875 -0.27072656]
 [-0.56949219 -0.41807422]
 [-0.60252344 -0.56766016]
 [-0.60557031 -0.49761328]
 [-0.684375   -0.39055469]
 [-0.52192187 -0.50809375]
 [-0.76875781 -0.31366797]
 [-0.38573437 -0.75907031]
 [-0.49046875 -0.25171875]
 [-0.65725781 -0.53544141]
 [-0.73700781 -0.35710547]
 [-0.71530469 -0.40046484]
 [-0.55378125 -0.49428125]
 [-0.39751562 -0.49523438]
 [-0.58535937 -0.35848437]
 [-0.57845313 -0.28232031]
 [-0.52144531 -0.64273828]
 [-0.34752344 -0.60477734]
 [-0.40292187 -0.69214844]
 [-0.51555469 -0.57141016]
 [-0.273625   -0.68172656]
 [-0.49288281 -0.33945703]
 [-0.43474219 -0.45559766]
 [-0.72821094 -0.32291016]
 [-0.42774219 -0.49451172]
 [-0.64960156 -0.27412109]
 [-0.63360156 -0.23461328]
 [-0.22625781 -0.80602734]
 [-0.79353906 -0.22628516]
 [-0.65267969 -0.26067578]
 [-0.65129687 -0.27260156]
 [-0.61796094 -0.26062109]
 [-0.38296094 -0.59544922]
 [-0.61941406 -0.34625391]
 [-0.4131875  -0.59630469]
 [-0.59585938 -0.34760156]
 [-0.78124219 -0.36760547]
 [-0.67254687 -0.37621094]
 [-0.74728125 -0.34107031]
 [-0.6674375  -0.39052344]
 [-0.68835937 -0.43942969]
 [-0.68588281 -0.41555859]
 [-0.36553906 -0.53501172]
 [-0.47089844 -0.47825391]
 [-0.68308594 -0.30953516]
 [-0.63558594 -0.33083203]
 [-0.69753906 -0.22778516]
 [-0.59675    -0.51336719]
 [-0.37495312 -0.54633594]
 [-0.65332031 -0.29697266]
 [-0.43929687 -0.59250781]
 [-0.74713281 -0.31886328]
 [-0.41122656 -0.71101953]
 [-0.75289062 -0.35991406]
 [-0.48799219 -0.25466797]
 [-0.561375   -0.48096875]
 [-0.62273437 -0.48099219]
 [-0.67060937 -0.4095    ]
 [-0.4441875  -0.62764062]
 [-0.43445312 -0.65121875]
 [-0.46072656 -0.61042578]
 [-0.42028125 -0.22296094]
 [-0.66188281 -0.16231641]
 [-0.69725    -0.16717969]
 [-0.34913281 -0.59473828]
 [-0.83867969 -0.38651172]
 [-0.57783594 -0.23891797]
 [-0.715625   -0.34814062]
 [-0.76077344 -0.17689453]
 [-0.42029688 -0.51529687]
 [-0.60434375 -0.34839844]
 [-0.44717187 -0.285125  ]
 [-0.9079375  -0.36253125]
 [-0.41635156 -0.54420703]
 [-0.53494531 -0.52687891]
 [-0.68721875 -0.396     ]
 [-0.8075625  -0.28328906]
 [-0.60423437 -0.47817188]
 [-0.48589063 -0.65833594]
 [-0.54207031 -0.62117578]
 [-0.48374219 -0.51232422]
 [-0.62769531 -0.39909766]
 [-0.18163281 -0.72252734]
 [-0.64066406 -0.51147266]
 [-0.23179688 -0.80111719]
 [-0.48346094 -0.62110547]
 [-0.58779687 -0.59696875]
 [-0.95108594 -0.35418359]
 [-0.728625   -0.5395625 ]
 [-0.54904687 -0.50488281]
 [-0.67403125 -0.37757031]
 [-0.45563281 -0.45528516]
 [-0.564375   -0.36964063]
 [-0.456625   -0.29261719]
 [-0.84928125 -0.31840625]
 [-0.7738125  -0.43861719]
 [-0.88232031 -0.33011328]
 [-0.36728906 -0.64496484]
 [-0.529375   -0.03050781]
 [-0.53278125 -0.36207813]
 [-0.45686719 -0.15021484]
 [-0.53717188 -0.42077344]
 [-0.49796094 -0.58026172]
 [-0.50050781 -0.40776172]
 [-0.52592969 -0.55136328]
 [-0.57667187 -0.53353125]
 [-0.51471094 -0.42445703]
 [-0.61884375 -0.54900781]
 [-0.66449219 -0.52001953]
 [-0.62204687 -0.32845313]
 [-0.57517187 -0.27221094]
 [-0.56309375 -0.40892187]
 [-0.65884375 -0.48178125]
 [-0.52666406 -0.61926172]
 [-0.4043125  -0.66995313]
 [-0.7079375  -0.45836719]
 [-0.64998437 -0.43942969]
 [-0.31790625 -0.68947656]
 [-0.50689062 -0.542875  ]
 [-0.60928906 -0.37388672]
 [-0.54958594 -0.45851172]
 [-0.43764063 -0.62303906]
 [-0.45359375 -0.52013281]
 [-0.40867188 -0.35653125]
 [-0.60535938 -0.50720312]
 [-0.49417187 -0.53779688]
 [-0.64279687 -0.53980469]
 [-0.67214062 -0.26777344]
 [-0.62769531 -0.23451953]
 [-0.38089844 -0.65569922]
 [-0.61050781 -0.45233984]
 [-0.62017187 -0.34      ]
 [-0.61069531 -0.31293359]
 [-0.40057813 -0.491125  ]
 [-0.6076875  -0.50165625]
 [-0.48015625 -0.55734375]
 [-0.63276562 -0.23527344]
 [-0.38911719 -0.69716797]
 [-0.78585156 -0.29908984]
 [-0.20224219 -0.77287109]
 [-0.60134375 -0.43682813]
 [-0.43432812 -0.42400781]
 [-0.56152344 -0.23492578]
 [-0.19860156 -0.68245703]
 [-0.37558594 -0.63176953]
 [-0.42015625 -0.73141406]
 [-0.67160938 -0.48372656]
 [-0.59058594 -0.27577734]
 [-0.35152344 -0.60802734]
 [-0.71657812 -0.42229688]
 [-0.42829688 -0.54374219]
 [-0.7919375  -0.36135156]
 [-0.76407812 -0.29370312]
 [-0.63794531 -0.28379297]
 [-0.81407812 -0.30949219]
 [-0.75371875 -0.36989062]
 [-0.75016406 -0.36849609]
 [-0.53757813 -0.4881875 ]
 [-0.36005469 -0.67866797]
 [-0.40525    -0.46240625]
 [-0.49345313 -0.53357031]
 [-0.59103125 -0.51515625]
 [-0.22542187 -0.69660937]
 [-0.65185156 -0.34462891]
 [-0.39267969 -0.61934766]
 [-0.64548438 -0.32339062]
 [-0.53595313 -0.52367969]
 [-0.50644531 -0.51206641]
 [-0.58961719 -0.49933984]
 [-0.50553125 -0.4930625 ]
 [-0.61495312 -0.43817969]
 [-0.79170312 -0.24626563]
 [-0.75741406 -0.24333203]
 [-0.64669531 -0.19996484]
 [-0.6111875  -0.34364844]
 [-0.65991406 -0.50055078]
 [-0.44830469 -0.61782422]
 [-0.43178906 -0.48830078]
 [-0.35850781 -0.56746484]
 [-0.6735625  -0.50617969]
 [-0.777875   -0.44291406]
 [-0.55355469 -0.56121484]
 [-0.65788281 -0.40882422]
 [-0.63784375 -0.27189063]
 [-0.48788281 -0.35321484]
 [-0.52785156 -0.62924609]
 [-0.60992969 -0.50194922]
 [-0.4724375  -0.37528125]
 [-0.70071875 -0.37501562]
 [-0.51766406 -0.43558203]
 [-0.74292187 -0.30651562]
 [-0.47502344 -0.49501172]
 [-0.48360938 -0.69048438]
 [-0.71642969 -0.38557422]
 [-0.45292969 -0.54597266]
 [-0.61489062 -0.509375  ]
 [-0.55727344 -0.47570703]
 [-0.38930469 -0.72801172]
 [-0.26303125 -0.7396875 ]
 [-0.42861719 -0.54216016]
 [-0.50503125 -0.54641406]
 [-0.15849219 -0.82272266]
 [-0.42657813 -0.62907031]
 [-0.55321875 -0.44139063]
 [-0.56725    -0.57238281]
 [-0.621875   -0.58342969]
 [-0.52232031 -0.52142578]
 [-0.701875   -0.47971875]
 [-0.28328906 -0.72514453]
 [-0.41501562 -0.50592969]
 [-0.56039062 -0.56027344]
 [-0.65195313 -0.39357813]
 [-0.59763281 -0.49763672]
 [-0.7494375  -0.40823438]
 [-0.72457031 -0.49782422]
 [-0.60739844 -0.36943359]
 [-0.51564063 -0.62620312]
 [-0.32051562 -0.755375  ]
 [-0.59948437 -0.26129687]
 [-0.33314844 -0.53186328]
 [-0.64300781 -0.18569922]
 [-0.66226563 -0.27607813]
 [-0.53485156 -0.50541016]
 [-0.63044531 -0.47919922]
 [-0.49625781 -0.48124609]
 [-0.51530469 -0.56511328]
 [-0.48422656 -0.47519922]
 [-0.54697656 -0.33609766]
 [-0.67878906 -0.31367578]
 [-0.62325    -0.395625  ]
 [-0.61596094 -0.43964453]
 [-0.47917187 -0.61646094]
 [-0.38971094 -0.62598828]
 [-0.57221875 -0.33211719]
 [-0.55142187 -0.59601562]
 [-0.63357031 -0.28793359]
 [-0.6353125  -0.4729375 ]
 [-0.50532031 -0.49191016]
 [-0.65035937 -0.396125  ]
 [-0.477375   -0.54802344]
 [-0.49044531 -0.61467578]
 [-0.71991406 -0.29370703]
 [-0.66605469 -0.41392578]
 [-0.49589844 -0.38116797]
 [-0.86063281 -0.29949609]
 [-0.37898437 -0.64317188]
 [-0.54571875 -0.35792969]
 [-0.7108125  -0.37383594]
 [-0.46836719 -0.48618359]
 [-0.55204688 -0.37253906]
 [-0.17535938 -0.78954687]
 [-0.542375   -0.50930469]
 [-0.33975    -0.60214844]
 [-0.64892969 -0.41317578]
 [-0.44203906 -0.71551953]
 [-0.88161719 -0.43247266]
 [-0.51783594 -0.25109766]
 [-0.65532031 -0.37901172]
 [-0.44060937 -0.52878125]
 [-0.53753906 -0.19308984]
 [-0.54649219 -0.46856641]
 [-0.51590625 -0.51780469]
 [-0.6216875  -0.56060937]
 [-0.73838281 -0.44541016]
 [-0.53870313 -0.38876563]
 [-0.6905     -0.41360156]
 [-0.48757813 -0.61415625]
 [-0.49428125 -0.67473437]
 [-0.45521875 -0.51521094]
 [-0.31141406 -0.67015234]
 [-0.45247656 -0.60515234]
 [-0.78504687 -0.35391406]
 [-0.54357031 -0.52998047]
 [-0.60557031 -0.55640234]
 [-0.51189062 -0.33310156]
 [-0.53096875 -0.45572656]
 [-0.63611719 -0.43998828]
 [-0.56389844 -0.50795703]
 [-0.67751562 -0.31078906]
 [-0.59328906 -0.59222266]
 [-0.50225781 -0.53915234]
 [-0.39507031 -0.61610547]
 [-0.53010156 -0.60155859]
 [-0.59096875 -0.60610937]
 [-0.50107813 -0.43289063]
 [-0.49798437 -0.471625  ]
 [-0.60825    -0.28163281]
 [-0.30321094 -0.58048047]
 [-0.61954688 -0.40873438]
 [-0.43678906 -0.44824609]
 [-0.481625   -0.5473125 ]
 [-0.50885156 -0.52691016]
 [-0.56185938 -0.37336719]
 [-0.48642969 -0.51902734]
 [-0.58967969 -0.35576172]
 [-0.64657813 -0.3656875 ]
 [-0.47035156 -0.32640234]
 [-0.43248438 -0.39497656]
 [-0.45613281 -0.21205078]
 [-0.5644375  -0.48857812]
 [-0.51249219 -0.34701172]
 [-0.68882031 -0.38352734]
 [-0.4849375  -0.47146094]
 [-0.39664844 -0.55854297]
 [-0.40363281 -0.54119922]
 [-0.47641406 -0.31904297]
 [-0.64853125 -0.20448438]
 [-0.33610937 -0.62864844]
 [-0.63201562 -0.19314844]
 [-0.268625   -0.76971875]]
