==================================================
Testing _gradient function
==================================================
Weights: [ 0.5 -0.3  0.8]
X shape: (5, 3)
y shape: (5,)

Sample 0: x=[1.  2.  0.5], y=1
  Analytical gradient: [-0.42555748 -0.85111497 -0.21277874]
  Numerical gradient:  [-0.42555748 -0.85111497 -0.21277874]
  Difference: 6.5706883146843845e-12

Sample 1: x=[ 1.  -1.   1.5], y=-1
  Analytical gradient: [ 0.88079708 -0.88079708  1.32119562]
  Numerical gradient:  [ 0.88079708 -0.88079708  1.32119562]
  Difference: 2.4177509599538402e-11

Sample 2: x=[ 1.   0.5 -0.5], y=1
  Analytical gradient: [-0.5124974 -0.2562487  0.2562487]
  Numerical gradient:  [-0.5124974 -0.2562487  0.2562487]
  Difference: 1.3460355088494248e-11

Sample 3: x=[1.  1.5 2. ], y=-1
  Analytical gradient: [0.83889105 1.25833658 1.6777821 ]
  Numerical gradient:  [0.83889105 1.25833658 1.6777821 ]
  Difference: 2.0203080904327147e-11

Sample 4: x=[ 1.  -0.5  0. ], y=1
  Analytical gradient: [-0.34298954  0.17149477 -0.        ]
  Numerical gradient:  [-0.34298954  0.17149477  0.        ]
  Difference: 4.602219945862456e-12

==================================================
==================================================
Testing fit_BGD function
==================================================

Test 1: Loss should decrease after training
[-0.08074074 -0.08442919  0.11061595]
[-0.06552373 -0.08786363  0.1007555 ]
[-0.05309907 -0.09048742  0.0925892 ]
[-0.0429662  -0.09244966  0.08581578]
[-0.03470599 -0.09387385  0.08018211]
[-0.02797285 -0.09486121  0.07547905]
[-0.02248408 -0.09549421  0.07153534]
[-0.01800943 -0.09583992  0.06821143]
[-0.01436165 -0.09595291  0.06539384]
[-0.01138851 -0.09587755  0.06299033]
[-0.00896617 -0.09565002  0.06092593]
[-0.00699381 -0.09529982  0.05913965]
[-0.00538929 -0.09485108  0.05758183]
[-0.00408556 -0.09432351  0.05621197]
[-0.00302789 -0.09373327  0.05499705]
[-0.00217154 -0.0930936   0.05391008]
[-0.0014799  -0.09241534  0.05292902]
[-0.00092303 -0.0917074   0.05203584]
[-0.0004764  -0.09097707  0.05121578]
[-0.00011991 -0.09023035  0.05045674]
[ 0.00016292 -0.08947215  0.04974882]
[ 0.00038558 -0.08870648  0.0490839 ]
[ 0.00055914 -0.08793664  0.04845531]
[ 0.00069268 -0.08716531  0.04785758]
[ 0.00079364 -0.0863947   0.04728623]
[ 0.00086811 -0.08562658  0.04673756]
[ 0.00092111 -0.08486242  0.04620854]
[ 0.00095673 -0.08410337  0.04569666]
[ 0.00097833 -0.08335039  0.04519989]
[ 0.00098866 -0.08260423  0.0447165 ]
[ 0.00098997 -0.08186549  0.04424512]
[ 0.00098411 -0.08113464  0.04378456]
[ 0.00097258 -0.08041204  0.04333388]
[ 0.00095661 -0.07969797  0.04289228]
[ 0.0009372  -0.07899264  0.04245908]
[ 0.00091517 -0.07829618  0.04203374]
[ 0.00089119 -0.0776087   0.04161579]
[ 0.00086578 -0.07693024  0.04120483]
[ 0.0008394  -0.07626083  0.04080053]
[ 0.00081239 -0.07560046  0.0404026 ]
[ 0.00078503 -0.0749491   0.0400108 ]
[ 0.00075755 -0.07430669  0.03962493]
[ 0.00073012 -0.07367319  0.03924478]
[ 0.0007029  -0.0730485   0.03887021]
[ 0.00067598 -0.07243255  0.03850107]
[ 0.00064946 -0.07182524  0.03813722]
[ 0.00062339 -0.07122646  0.03777856]
[ 0.00059784 -0.07063612  0.03742496]
[ 0.00057282 -0.07005409  0.03707634]
[ 0.00054838 -0.06948028  0.0367326 ]
[ 0.00052451 -0.06891455  0.03639365]
[ 0.00050122 -0.06835679  0.0360594 ]
[ 0.00047853 -0.06780689  0.03572979]
[ 0.00045642 -0.06726472  0.03540474]
[ 0.00043489 -0.06673017  0.03508416]
[ 0.00041393 -0.06620311  0.034768  ]
[ 0.00039352 -0.06568343  0.03445617]
[ 0.00037367 -0.065171    0.03414862]
[ 0.00035435 -0.06466572  0.03384528]
[ 0.00033554 -0.06416745  0.03354607]
[ 0.00031724 -0.06367609  0.03325095]
[ 0.00029943 -0.06319153  0.03295985]
[ 0.00028209 -0.06271364  0.03267269]
[ 0.00026521 -0.06224232  0.03238943]
[ 0.00024877 -0.06177746  0.03211001]
[ 0.00023275 -0.06131894  0.03183436]
[ 0.00021715 -0.06086667  0.03156242]
[ 0.00020194 -0.06042053  0.03129414]
[ 0.00018712 -0.05998041  0.03102947]
[ 0.00017267 -0.05954623  0.03076833]
[ 0.00015857 -0.05911787  0.03051069]
[ 0.00014482 -0.05869524  0.03025648]
[ 0.0001314  -0.05827824  0.03000565]
[ 0.0001183  -0.05786677  0.02975815]
[ 0.0001055  -0.05746073  0.02951392]
[ 9.30076022e-05 -5.70600480e-02  2.92729097e-02]
[ 8.07978507e-05 -5.66646164e-02  2.90350732e-02]
[ 6.88644958e-05 -5.62743494e-02  2.88003568e-02]
[ 5.71977862e-05 -5.58891590e-02  2.85687109e-02]
[ 4.57883629e-05 -5.55089588e-02  2.83400862e-02]
[ 3.46272462e-05 -5.51336637e-02  2.81144344e-02]
[ 2.37058228e-05 -5.47631905e-02  2.78917078e-02]
[ 1.30158324e-05 -5.43974572e-02  2.76718595e-02]
[ 2.54935427e-06 -5.40363835e-02  2.74548433e-02]
[-7.70120582e-06 -5.36798906e-02  2.72406137e-02]
[-1.77431288e-05 -5.33279009e-02  2.70291259e-02]
[-2.75833948e-05 -5.29803387e-02  2.68203357e-02]
[-3.72286964e-05 -5.26371292e-02  2.66141998e-02]
[-4.66854498e-05 -5.22981994e-02  2.64106755e-02]
[-5.59598075e-05 -5.19634775e-02  2.62097209e-02]
[-6.50576690e-05 -5.16328931e-02  2.60112945e-02]
[-7.39846926e-05 -5.13063771e-02  2.58153558e-02]
[-8.27463052e-05 -5.09838618e-02  2.56218648e-02]
[-9.13477129e-05 -5.06652805e-02  2.54307823e-02]
[-9.97939110e-05 -5.03505683e-02  2.52420695e-02]
[-0.00010809 -0.05003966  0.02505569]
[-0.00011624 -0.0497325   0.0248716 ]
[-0.00012425 -0.04942901  0.02468977]
[-0.00013212 -0.04912915  0.02451017]
[-0.00013986 -0.04883284  0.02433275]
  Loss before training: 935.7487
  Loss after training:  435.4190
  Loss decreased: True

Test 2: Model should generalize to validation set
  Avg training loss:   0.3225
  Avg validation loss: 1.0465
  Weights: [ 0.18761413  3.55944904 -2.06327285]
==================================================
[-0.08074074 -0.08442919  0.11061595]
[-0.06552373 -0.08786363  0.1007555 ]
[-0.05309907 -0.09048742  0.0925892 ]
[-0.0429662  -0.09244966  0.08581578]
[-0.03470599 -0.09387385  0.08018211]
[-0.02797285 -0.09486121  0.07547905]
[-0.02248408 -0.09549421  0.07153534]
[-0.01800943 -0.09583992  0.06821143]
[-0.01436165 -0.09595291  0.06539384]
[-0.01138851 -0.09587755  0.06299033]
[-0.00896617 -0.09565002  0.06092593]
[-0.00699381 -0.09529982  0.05913965]
[-0.00538929 -0.09485108  0.05758183]
[-0.00408556 -0.09432351  0.05621197]
[-0.00302789 -0.09373327  0.05499705]
[-0.00217154 -0.0930936   0.05391008]
[-0.0014799  -0.09241534  0.05292902]
[-0.00092303 -0.0917074   0.05203584]
[-0.0004764  -0.09097707  0.05121578]
[-0.00011991 -0.09023035  0.05045674]
[ 0.00016292 -0.08947215  0.04974882]
[ 0.00038558 -0.08870648  0.0490839 ]
[ 0.00055914 -0.08793664  0.04845531]
[ 0.00069268 -0.08716531  0.04785758]
[ 0.00079364 -0.0863947   0.04728623]
[ 0.00086811 -0.08562658  0.04673756]
[ 0.00092111 -0.08486242  0.04620854]
[ 0.00095673 -0.08410337  0.04569666]
[ 0.00097833 -0.08335039  0.04519989]
[ 0.00098866 -0.08260423  0.0447165 ]
[ 0.00098997 -0.08186549  0.04424512]
[ 0.00098411 -0.08113464  0.04378456]
[ 0.00097258 -0.08041204  0.04333388]
[ 0.00095661 -0.07969797  0.04289228]
[ 0.0009372  -0.07899264  0.04245908]
[ 0.00091517 -0.07829618  0.04203374]
[ 0.00089119 -0.0776087   0.04161579]
[ 0.00086578 -0.07693024  0.04120483]
[ 0.0008394  -0.07626083  0.04080053]
[ 0.00081239 -0.07560046  0.0404026 ]
[ 0.00078503 -0.0749491   0.0400108 ]
[ 0.00075755 -0.07430669  0.03962493]
[ 0.00073012 -0.07367319  0.03924478]
[ 0.0007029  -0.0730485   0.03887021]
[ 0.00067598 -0.07243255  0.03850107]
[ 0.00064946 -0.07182524  0.03813722]
[ 0.00062339 -0.07122646  0.03777856]
[ 0.00059784 -0.07063612  0.03742496]
[ 0.00057282 -0.07005409  0.03707634]
[ 0.00054838 -0.06948028  0.0367326 ]
[ 0.00052451 -0.06891455  0.03639365]
[ 0.00050122 -0.06835679  0.0360594 ]
[ 0.00047853 -0.06780689  0.03572979]
[ 0.00045642 -0.06726472  0.03540474]
[ 0.00043489 -0.06673017  0.03508416]
[ 0.00041393 -0.06620311  0.034768  ]
[ 0.00039352 -0.06568343  0.03445617]
[ 0.00037367 -0.065171    0.03414862]
[ 0.00035435 -0.06466572  0.03384528]
[ 0.00033554 -0.06416745  0.03354607]
[ 0.00031724 -0.06367609  0.03325095]
[ 0.00029943 -0.06319153  0.03295985]
[ 0.00028209 -0.06271364  0.03267269]
[ 0.00026521 -0.06224232  0.03238943]
[ 0.00024877 -0.06177746  0.03211001]
[ 0.00023275 -0.06131894  0.03183436]
[ 0.00021715 -0.06086667  0.03156242]
[ 0.00020194 -0.06042053  0.03129414]
[ 0.00018712 -0.05998041  0.03102947]
[ 0.00017267 -0.05954623  0.03076833]
[ 0.00015857 -0.05911787  0.03051069]
[ 0.00014482 -0.05869524  0.03025648]
[ 0.0001314  -0.05827824  0.03000565]
[ 0.0001183  -0.05786677  0.02975815]
[ 0.0001055  -0.05746073  0.02951392]
[ 9.30076022e-05 -5.70600480e-02  2.92729097e-02]
[ 8.07978507e-05 -5.66646164e-02  2.90350732e-02]
[ 6.88644958e-05 -5.62743494e-02  2.88003568e-02]
[ 5.71977862e-05 -5.58891590e-02  2.85687109e-02]
[ 4.57883629e-05 -5.55089588e-02  2.83400862e-02]
[ 3.46272462e-05 -5.51336637e-02  2.81144344e-02]
[ 2.37058228e-05 -5.47631905e-02  2.78917078e-02]
[ 1.30158324e-05 -5.43974572e-02  2.76718595e-02]
[ 2.54935427e-06 -5.40363835e-02  2.74548433e-02]
[-7.70120582e-06 -5.36798906e-02  2.72406137e-02]
[-1.77431288e-05 -5.33279009e-02  2.70291259e-02]
[-2.75833948e-05 -5.29803387e-02  2.68203357e-02]
[-3.72286964e-05 -5.26371292e-02  2.66141998e-02]
[-4.66854498e-05 -5.22981994e-02  2.64106755e-02]
[-5.59598075e-05 -5.19634775e-02  2.62097209e-02]
[-6.50576690e-05 -5.16328931e-02  2.60112945e-02]
[-7.39846926e-05 -5.13063771e-02  2.58153558e-02]
[-8.27463052e-05 -5.09838618e-02  2.56218648e-02]
[-9.13477129e-05 -5.06652805e-02  2.54307823e-02]
[-9.97939110e-05 -5.03505683e-02  2.52420695e-02]
[-0.00010809 -0.05003966  0.02505569]
[-0.00011624 -0.0497325   0.0248716 ]
[-0.00012425 -0.04942901  0.02468977]
[-0.00013212 -0.04912915  0.02451017]
[-0.00013986 -0.04883284  0.02433275]
[ 0.18761413  3.55944904 -2.06327285]
None
[ 0.18761413  3.55944904 -2.06327285]
None
[ 0.18761413  3.55944904 -2.06327285]
None
[ 0.18761413  3.55944904 -2.06327285]
None
[ 0.18761413  3.55944904 -2.06327285]
None
